9.7974e-06
1.4446e-07
1.3309e-06
6.748e-06
8.9796e-06
6.3053e-06
1.0298e-05
1.3572e-05
7.9713e-06
1.2031e-05
3.6647e-06
5.8391e-06
4.9086e-06
1.4621e-05
6.6785e-06
7.2127e-06
7.6186e-06
7.6215e-06
7.4417e-06
6.358e-06
5.4755e-06
4.7052e-06
3.648e-06
2.7337e-06
1.1388e-05
7.5478e-06
4.5101e-06
9.2786e-06
6.0058e-06
6.469e-06
3.9552e-06
4.5297e-06
2.8239e-06
4.0208e-06
4.3037e-06
5.7833e-06
5.3028e-06
4.365e-06
3.4844e-06
5.1673e-06
4.3241e-06
3.3399e-06
3.9816e-06
2.9364e-06
3.9309e-06
4.2888e-06
2.5081e-06
5.1088e-06
3.0229e-06
5.6661e-06
2.3528e-06
5.3753e-06
2.3504e-06
4.8281e-06
6.7605e-06
5.5242e-06
NaN
3.8223e-06
3.6046e-06
6.5263e-06
6.0826e-06
3.3074e-06
3.8893e-06
6.4182e-06
4.3457e-06
3.5272e-06
5.0671e-06
3.9161e-06
3.7336e-06
4.1058e-06
2.6925e-06
3.9307e-06
5.0934e-06
4.9079e-06
4.816e-06
3.1934e-06
5.0946e-06
4.7899e-06
4.8457e-06
3.0334e-06
5.6683e-06
3.6545e-06
4.5708e-06
2.8457e-06
3.7607e-06
3.5602e-06
5.5862e-06
3.6546e-06
3.9776e-06
4.2344e-06
4.4184e-06
3.249e-06
3.2898e-06
4.7805e-06
5.4981e-06
4.6003e-06
2.3891e-06
5.68e-06
5.3834e-06
5.3155e-06
4.0376e-06
2.2831e-06
3.3821e-06
5.243e-06
4.5526e-06
4.4619e-06
6.2585e-06
4.7349e-06
5.9133e-06
3.6296e-06
5.3614e-06
4.6444e-06
5.0312e-06
2.7246e-06
4.2878e-06
3.8836e-06
3.0482e-06
3.6221e-06
5.2002e-06
3.3204e-06
4.7154e-06
3.6983e-06
6.0481e-06
5.9041e-06
4.8784e-06
3.5089e-06
3.4863e-06
5.8302e-06
4.3519e-06
7.9172e-06
2.1801e-06
4.5784e-06
5.3407e-06
3.755e-06
6.2208e-06
5.0029e-06
3.3772e-06
3.2014e-06
3.3751e-06
2.7239e-06
3.6817e-06
3.6178e-06
2.7586e-06
3.9394e-06
4.5054e-06
3.8481e-06
4.0544e-06
3.0397e-06
3.4837e-06
5.6809e-06
4.384e-06
4.0669e-06
6.3069e-06
3.7241e-06
4.1604e-06
3.7844e-06
5.3862e-06
3.4992e-06
4.27e-06
5.0041e-06
3.8813e-06
4.3835e-06
4.9807e-06
5.1416e-06
2.5311e-06
4.1343e-06
3.7116e-06
5.2179e-06
2.5028e-06
2.5689e-06
4.8351e-06
3.3218e-06
4.271e-06
5.3809e-06
5.9852e-06
3.5695e-06
4.7144e-06
4.8755e-06
3.1679e-06
4.007e-06
2.7714e-06
7.144e-06
5.2904e-06
2.2768e-06
3.6827e-06
3.7568e-06
5.8309e-06
2.8825e-06
4.3514e-06
3.726e-06
5.8615e-06
3.6492e-05
4.7369e-06
3.1506e-06
3.8145e-06
3.7663e-06
3.4954e-06
3.6368e-06
4.2068e-06
3.6475e-06
6.0127e-06
3.6269e-06
6.6887e-06
4.3677e-06
4.2104e-06
4.1431e-06
2.5465e-06
4.178e-06
6.2563e-06
5.8822e-06
3.0993e-06
5.6777e-06
4.7683e-06
7.3339e-06
4.729e-06
4.9474e-06
1.9368e-06
6.6078e-06
4.5104e-06
4.7075e-06
4.6577e-06
4.8621e-06
2.5166e-06
4.7064e-06
3.5221e-06
4.0029e-06
3.9896e-06
4.0558e-06
3.7211e-06
Inf
5.6382e-06
3.283e-06
4.4187e-06
2.5167e-06
6.4387e-06
