-1.1393e-06
7.4671e-06
-5.9826e-06
-3.2555e-07
-1.3495e-06
8.5462e-08
1.7095e-06
-3.9585e-06
9.4938e-07
-1.496e-06
1.2595e-06
4.3812e-06
1.3674e-06
-4.6535e-06
-1.0255e-06
-5.6963e-07
3.7603e-06
3.6748e-06
-6.1828e-06
-1.2821e-06
2.0473e-06
-5.2275e-06
-2.6592e-06
-3.4192e-06
-8.0969e-07
1.3674e-06
-3.0588e-06
-2.6013e-06
-1.2346e-06
1.4864e-06
-2.6756e-06
1.4121e-06
-3.9887e-06
-7.5959e-07
6.8369e-06
-2.2785e-06
3.1082e-06
-5.6405e-06
2.0748e-06
-3.205e-06
-5.308e-06
2.2297e-06
-1.2415e-05
-4.2161e-06
-2.519e-06
3.8842e-07
-1.0053e-06
-1.5953e-06
1.5537e-06
0
0
0
0
1.2995e-07
0
0
0
-1.9497e-07
0
0
-8.8922e-08
0
-9.2157e-08
0
-4.226e-07
0
-1.9497e-07
0
0
0
-2.4722e-07
0
0
-2.7629e-06
0
-3.6634e-07
0
0
0
-1.263e-06
1.8612e-06
6.3128e-07
0
0
4.2101e-07
0
3.8858e-07
2.9721e-07
1.0824e-06
0
2.4053e-07
5.3176e-07
0
0
-4.5916e-07
-1.6077e-06
0
-9.4692e-07
1.0095e-06
0
-1.0098e-06
0
0
-5.3151e-07
-9.4692e-07
0
7.7716e-07
7.2158e-07
7.2158e-07
3.1564e-07
-2.0207e-07
-1.6835e-07
0
-8.9163e-07
-5.9442e-07
-2.9705e-07
5.9442e-07
6.7382e-07
0
-3.8831e-07
-8.416e-07
3.6102e-07
0
-5.6135e-07
-1.8039e-06
0
7.7662e-07
-3.6079e-07
0
-1.0824e-06
-6.7921e-07
-5.9859e-07
0
1.0096e-08
3.8858e-07
0
-3.6079e-07
7.1772e-07
1.1351e-06
1.9422e-07
0
-8.4511e-08
0
0
-3.9793e-08
2.5733e-07
4.6032e-07
1.1232e-07
5.7278e-07
0
-1.3294e-06
-1.0824e-06
3.1564e-06
0
1.6835e-06
-3.2242e-07
-1.2897e-07
-7.4482e-08
3.1564e-07
-2.1051e-07
-2.1043e-07
-2.8053e-07
-3.1773e-07
0
2.7834e-07
1.2628e-07
-3.1564e-07
2.8863e-07
-4.1678e-08
4.5897e-07
-2.3177e-08
-5.2114e-09
4.2069e-07
-1.0098e-06
4.049e-09
-7.5278e-08
0
2.3484e-07
9.2947e-07
-1.8124e-07
1.0058e-06
1.8364e-07
-1.7417e-07
-1.7417e-07
0
7.7716e-07
1.0101e-06
7.1238e-07
0
-1.727e-07
1.8603e-07
-2.357e-06
-1.6837e-06
-3.4244e-07
6.7341e-07
-1.7338e-07
-7.9204e-08
-3.1564e-07
-1.4997e-06
6.6974e-08
0
-3.2439e-07
3.5518e-07
-3.8858e-07
0
1.7648e-07
9.1869e-07
1.4432e-06
-1.4143e-07
-3.1564e-07
0
-3.9707e-07
-5.6378e-07
-1.286e-08
-6.1183e-09
1.091e-07
-1.0253e-06
-9.7078e-07
-3.4466e-06
9.8085e-08
5.0514e-07
-4.9528e-07
-9.6094e-07
-3.9097e-07
0
1.7252e-06
-4.1953e-08
-3.1554e-07
-1.0987e-08
-1.2539e-07
5.0723e-07
2.3367e-07
-7.0069e-09
1.2626e-07
0
-4.0415e-07
-1.0686e-06
5.9411e-07
-3.7978e-07
3.5335e-07
6.149e-09
-4.5711e-07
-2.7301e-07
0
-6.4376e-08
3.6405e-07
5.2506e-07
-3.4641e-08
0
7.8186e-07
-8.997e-07
2.0398e-07
1.2965e-07
3.5359e-07
-1.8028e-07
3.6178e-07
5.0635e-09
-4.1498e-08
-4.7079e-07
3.0353e-07
-4.7317e-09
7.2111e-07
4.5314e-07
8.0772e-07
-1.2878e-07
6.1272e-08
-7.2158e-07
-4.8377e-07
-2.6686e-07
8.7709e-08
1.9429e-07
8.9721e-07
-1.5851e-06
-9.2822e-07
5.6453e-07
-5.0659e-07
2.594e-07
-4.8744e-08
-2.048e-07
0
0
3.9344e-07
-8.1689e-07
8.4139e-07
4.7346e-07
0
-3.6079e-07
6.0044e-07
-3.6079e-07
-2.8053e-07
-1.4448e-07
-9.8509e-08
-8.6745e-07
1.2244e-07
1.3224e-07
2.2538e-07
3.8831e-07
-6.3128e-07
-2.7343e-07
3.2187e-07
-6.7341e-07
3.6574e-07
0
0
7.8849e-07
-1.0736e-07
-7.7716e-07
-7.7716e-07
-1.5782e-07
-3.1564e-07
2.4893e-09
-3.5987e-08
-6.8805e-08
-6.3459e-08
2.0175e-07
0
-1.5543e-06
2.4836e-07
0
-2.3515e-07
1.1998e-07
-3.8231e-07
2.7359e-08
0
0
3.1582e-07
-1.2747e-07
-1.0895e-07
1.6832e-06
1.6835e-07
-8.564e-08
-4.4992e-08
-7.6475e-08
-9.6546e-08
1.394e-07
-3.0713e-07
-1.0265e-07
-4.3111e-07
2.4921e-07
-2.3933e-07
-1.4265e-07
6.9413e-07
-2.4472e-08
-5.3389e-07
6.8874e-07
-1.0193e-06
-1.4419e-08
1.3787e-07
-3.8858e-08
-1.9374e-07
5.6047e-07
-3.046e-07
-8.9116e-07
-1.0649e-07
5.0536e-07
6.2582e-08
-9.4692e-07
1.013e-07
8.978e-07
-3.3671e-07
-3.9189e-07
2.9705e-07
4.0487e-07
-8.5885e-09
1.2621e-06
-1.8039e-06
-4.3706e-08
-2.2291e-07
-1.0673e-06
6.2721e-07
6.3561e-08
5.4215e-07
9.6504e-08
8.096e-07
2.3385e-07
-9.4905e-08
-2.4504e-07
-1.4432e-06
-1.0043e-06
-1.4027e-06
4.5129e-07
4.2282e-07
3.2594e-07
3.684e-07
1.885e-08
0
-7.4274e-07
4.7857e-07
-8.8862e-07
9.861e-07
7.3864e-08
-3.8412e-07
3.8617e-07
3.8617e-07
2.2043e-07
1.8787e-07
0
6.9968e-07
3.6658e-07
6.3142e-08
0
9.9897e-07
5.7414e-08
1.6947e-08
-3.3671e-07
0
1.0546e-06
-4.045e-07
-3.6993e-07
-2.1866e-07
-1.1146e-07
5.4244e-07
-4.8115e-07
-3.3592e-07
1.4479e-08
9.6471e-08
-1.7017e-07
2.2958e-07
5.0803e-07
-5.311e-08
4.8539e-07
-7.7809e-08
8.3854e-08
-4.2101e-07
1.7686e-07
1.1522e-07
-1.6588e-06
3.5485e-08
-8.2566e-07
1.2182e-08
0
-4.5289e-08
-6.1008e-07
-1.4941e-07
-3.3844e-07
0
-7.7151e-08
4.8003e-07
-3.1564e-07
0
5.0491e-07
1.4078e-07
-1.1515e-08
-3.4445e-09
-2.1885e-09
0
5.8972e-08
3.8343e-09
-2.02e-07
2.6705e-08
-1.1224e-07
-1.1208e-07
0
-2.6555e-08
4.4356e-07
-1.1801e-07
0
0
-3.8799e-09
9.1869e-07
1.0959e-07
4.7198e-08
-8.7098e-08
-4.5349e-07
