8.2654e-06
8.8975e-06
9.0296e-06
4.7829e-06
1.0593e-05
3.7164e-06
4.9359e-06
1.3179e-05
1.076e-05
7.0127e-06
4.9416e-06
9.982e-06
9.7857e-06
1.1289e-05
4.269e-06
3.0228e-06
8.6264e-06
1.0956e-05
NaN
6.9269e-06
6.4396e-06
9.205e-06
8.1677e-06
5.1993e-06
3.6598e-06
3.6723e-06
4.5976e-06
6.7603e-06
8.2146e-06
6.2293e-06
1.6509e-05
4.4045e-06
1.4226e-05
3.2751e-06
9.8996e-06
7.156e-06
7.0177e-06
7.063e-06
7.5616e-06
6.2706e-06
7.6105e-06
4.4876e-06
1.2442e-05
9.4325e-06
9.4465e-06
6.3651e-06
3.8748e-06
7.7079e-06
6.2785e-06
0
0
0
0
7.2391e-08
0
0
0
2.5223e-07
0
0
9.0081e-08
0
9.6045e-08
0
2.5337e-07
0
7.3829e-07
1.575e-07
0
4.7651e-07
4.8334e-07
0
0
3.3699e-06
9.5019e-07
3.7141e-07
0
7.4031e-07
1.3758e-06
2.4732e-06
2.2218e-06
3.363e-07
0
6.7261e-07
4.2038e-07
0
1.7675e-06
1.9661e-06
1.9402e-06
0
3.5196e-06
1.7671e-06
0
0
1.5343e-06
3.4304e-06
8.6203e-08
2.4321e-06
1.5231e-06
0
1.4268e-06
4.7293e-07
2.8025e-07
7.2065e-07
9.0081e-07
1.8994e-06
3.3184e-06
2.0509e-06
3.0891e-06
2.5601e-06
1.3275e-07
3.5296e-07
1.263e-06
1.9602e-06
2.1505e-06
2.3073e-06
1.6438e-06
1.6015e-06
2.0178e-06
2.2552e-06
9.589e-07
1.5333e-07
1.9475e-06
1.7065e-06
5.3059e-06
9.8445e-07
3.9974e-06
1.01e-06
3.1528e-07
4.4452e-06
1.5513e-06
1.8489e-06
0
1.0684e-06
1.2611e-06
1.7223e-06
5.5298e-06
2.6451e-06
2.997e-06
2.0369e-06
0
1.0523e-06
5.6604e-07
6.3057e-07
1.722e-06
2.6544e-06
1.9081e-06
2.1338e-06
2.0256e-06
1.0318e-06
3.6708e-06
3.6743e-06
3.2566e-06
1.4434e-06
5.0873e-06
3.9687e-06
1.7821e-06
1.6422e-06
2.7218e-06
1.5386e-06
1.5236e-06
2.7314e-06
2.2811e-06
1.2802e-06
2.2822e-06
2.8493e-06
4.5221e-06
1.1838e-06
1.3448e-06
3.6452e-06
1.1202e-06
9.9451e-07
1.9562e-06
2.5108e-06
1.125e-06
1.743e-06
2.4655e-06
1.1126e-06
1.1652e-06
1.8571e-06
1.2412e-06
1.3019e-06
9.2152e-07
8.4076e-07
1.3452e-06
5.0127e-06
2.1069e-06
2.4366e-06
3.3244e-06
2.1601e-06
2.3797e-06
4.0402e-06
2.2822e-06
2.6239e-06
2.613e-06
2.3018e-06
1.6246e-06
5.9082e-07
2.2918e-06
1.424e-06
2.8811e-06
1.6019e-06
1.9027e-06
1.6412e-06
2.1024e-06
1.9438e-06
1.4638e-06
2.1847e-06
1.1012e-06
9.5198e-07
2.2177e-06
1.9202e-06
1.4972e-06
1.2822e-06
2.2243e-06
1.3833e-06
2.1876e-06
2.2328e-06
4.2672e-06
5.9362e-06
1.4164e-06
2.282e-06
3.8047e-06
1.3997e-06
2.2427e-06
2.9765e-06
1.3483e-06
2.4171e-06
2.243e-06
1.8261e-06
3.2251e-06
1.0451e-06
1.303e-06
2.3985e-06
4.6883e-06
3.9679e-06
3.8439e-06
4.2069e-06
1.6459e-06
1.723e-06
2.7057e-06
1.7663e-06
2.1167e-06
1.9915e-06
1.2669e-06
1.1793e-06
4.659e-06
1.9778e-06
1.2142e-06
1.9907e-06
3.1593e-06
2.3027e-06
3.2988e-06
4.1087e-06
2.3451e-06
1.5763e-06
2.0911e-06
1.6505e-06
1.6382e-06
2.5443e-06
9.8027e-07
3.5887e-06
3.347e-06
1.6368e-06
1.0761e-06
2.0125e-06
5.3849e-06
2.5775e-06
2.1741e-06
2.7591e-06
3.2723e-06
2.4857e-06
3.7686e-06
2.8633e-06
1.489e-06
1.9556e-06
1.7996e-06
2.0017e-06
1.4429e-06
1.4773e-06
1.3057e-06
1.4659e-06
3.0163e-06
1.4188e-06
3.0761e-06
3.3699e-06
1.1155e-06
2.2534e-06
1.5986e-06
1.6152e-06
1.6931e-06
1.9249e-06
1.8083e-06
1.6316e-06
2.5766e-06
1.544e-06
5.6761e-06
3.9593e-06
1.9529e-06
1.6454e-06
1.6021e-06
1.5759e-06
1.3858e-06
1.3667e-06
1.6475e-06
2.3518e-06
2.5251e-06
4.0781e-06
2.2317e-06
8.2232e-07
2.7658e-06
1.8019e-06
1.4247e-06
1.8606e-06
1.3309e-06
1.6541e-06
2.6976e-06
2.5942e-06
2.0604e-06
1.2224e-06
1.5685e-06
2.4186e-06
1.1139e-06
1.7158e-06
1.4962e-06
1.6197e-06
1.33e-06
1.8584e-06
5.0827e-06
1.5898e-06
1.5084e-06
1.235e-06
1.8769e-06
1.2738e-06
1.7627e-06
1.699e-06
1.6536e-06
1.2104e-06
1.8717e-06
1.9461e-06
2.3174e-06
2.3058e-06
1.5124e-06
9.9507e-07
1.9208e-06
3.1843e-06
1.9674e-06
9.6105e-07
1.955e-06
2.3745e-06
2.074e-06
1.6091e-06
3.3256e-06
1.493e-06
1.3211e-06
1.6898e-06
2.6951e-06
2.157e-06
2.3824e-06
2.0203e-06
1.8402e-06
3.1217e-06
2.3066e-06
2.7744e-06
4.6647e-06
3.3246e-06
3.0917e-06
1.2085e-06
1.5912e-06
1.8124e-06
2.0149e-06
2.2407e-06
1.9681e-06
2.6047e-06
2.7307e-06
1.1923e-06
1.3231e-06
3.6616e-06
4.3093e-06
3.54e-06
1.2507e-06
2.6127e-06
1.2554e-06
4.2561e-06
1.699e-06
5.7691e-06
2.7334e-06
2.8922e-06
3.0242e-06
3.6487e-06
1.5962e-06
3.784e-06
1.925e-06
NaN
Inf
1.5641e-06
1.9447e-06
5.1951e-06
1.9293e-06
2.1075e-06
2.0804e-06
2.7626e-06
1.4474e-06
1.7725e-06
3.4576e-06
2.3378e-06
2.3845e-06
1.7528e-06
2.182e-06
4.022e-06
1.746e-06
4.4945e-06
2.0814e-06
2.3534e-06
1.6872e-06
1.4361e-06
2.5292e-06
1.9824e-06
2.3072e-06
5.5339e-07
2.3585e-06
2.5524e-06
1.738e-06
8.5137e-07
2.3578e-06
2.1385e-06
4.519e-06
1.4049e-06
2.1365e-06
1.3743e-06
3.1524e-06
1.6417e-06
2.3297e-06
1.6913e-06
4.0473e-06
1.9411e-06
1.4475e-06
1.9488e-06
1.1951e-06
7.3481e-07
1.2773e-06
3.884e-06
3.0992e-06
2.7485e-06
3.742e-06
0
2.8204e-06
1.1667e-06
1.5983e-06
2.5005e-06
1.6602e-06
2.7495e-06
1.1629e-06
2.5135e-06
2.2773e-06
1.192e-06
2.736e-06
1.2062e-06
2.4674e-06
4.849e-06
1.7309e-06
2.3452e-06
1.9791e-06
2.9545e-06
