A	B	A'	B'	A'B	AB	AB'	A'B'	HWP A	HWP B	E	Comments:	Duration (s)	Sub. Acc.?
6227.00	6429.60	0.00	0.00	0.00	25.60	0.00	0.00	0.00	0.00	1.00		5.0	N
6106.20	6462.40	0.00	0.00	0.00	46.61	0.00	0.00	0.00	0.00	1.00		5.0	N
3506.20	4279.60	0.00	0.00	0.00	6.05	0.00	0.00	0.00	0.00	1.00		5.0	N
3348.60	3598.00	0.00	0.00	0.00	5.88	0.00	0.00	138.00	78.00	1.00		5.0	N
3315.80	4109.60	0.00	0.00	0.00	13.66	0.00	0.00	130.00	70.00	1.00		5.0	N
3127.20	4479.60	0.00	0.00	0.00	12.06	0.00	0.00	120.00	60.00	1.00		5.0	N
3169.80	3901.40	0.00	0.00	0.00	31.68	0.00	0.00	150.00	50.00	1.00		5.0	N
3382.40	4088.20	0.00	0.00	0.00	28.46	0.00	0.00	180.00	60.00	1.00		5.0	N
3364.60	3994.40	0.00	0.00	0.00	29.67	0.00	0.00	140.00	60.00	1.00		5.0	N
3315.00	3642.80	0.00	0.00	0.00	8.48	0.00	0.00	138.00	68.00	1.00		5.0	N
3306.00	3516.60	0.00	0.00	0.00	6.88	0.00	0.00	138.00	78.00	1.00	last one bogus	5.0	N
3254.80	3656.80	0.00	0.00	0.00	25.28	0.00	0.00	140.00	60.00	1.00	last one bogus	5.0	N
3430.60	4156.20	0.00	0.00	0.00	28.06	0.00	0.00	140.00	60.00	1.00		5.0	N
3347.60	4169.40	0.00	0.00	0.00	14.46	0.00	0.00	70.00	135.00	1.00		5.0	N
3285.60	3885.80	0.00	0.00	0.00	12.87	0.00	0.00	135.00	70.00	1.00		5.0	N
2864.20	3177.20	0.00	0.00	0.00	1.71	0.00	0.00	158.00	92.00	1.00		5.0	N
2697.40	3881.60	0.00	0.00	0.00	2.30	0.00	0.00	168.00	105.00	1.00		5.0	N
2882.80	3535.80	0.00	0.00	0.00	7.10	0.00	0.00	160.00	82.00	1.00		5.0	N
2294.00	3509.20	0.00	0.00	0.00	7.32	0.00	0.00	185.00	105.00	1.00		5.0	N
3316.00	3777.20	0.00	0.00	0.00	0.27	0.00	0.00	230.00	150.00	1.00		5.0	N
1967.60	3066.40	0.00	0.00	0.00	0.54	0.00	0.00	230.00	180.00	1.00	last one bogus?	5.0	N
7601.00	3700.00	0.00	0.00	0.00	1.52	0.00	0.00	230.00	180.00	1.00		5.0	N
7522.80	6672.80	0.00	0.00	0.00	131.30	0.00	0.00	230.00	180.00	1.00		5.0	N
7605.80	6766.80	0.00	0.00	0.00	128.69	0.00	0.00	230.00	150.00	1.00		5.0	N
6732.60	7000.00	0.00	0.00	0.00	82.13	0.00	0.00	230.00	150.00	1.00		5.0	N
6231.00	6779.00	0.00	0.00	0.00	67.98	0.00	0.00	275.00	195.00	1.00		5.0	N
6222.60	6664.00	0.00	0.00	0.00	50.39	0.00	0.00	252.50	172.50	1.00		5.0	N
6065.00	6510.40	0.00	0.00	0.00	68.01	0.00	0.00	275.00	195.00	1.00		5.0	N
5075.20	6057.80	0.00	0.00	0.00	53.09	0.00	0.00	275.00	195.00	1.00	405HWP 120	5.0	N
7970.40	7108.40	0.00	0.00	0.00	122.03	0.00	0.00	230.00	150.00	1.00	405HWP 120	5.0	N
5766.60	6064.40	0.00	0.00	0.00	67.45	0.00	0.00	230.00	150.00	1.00	405HWP 100	5.0	N
6652.40	6784.40	0.00	0.00	0.00	86.55	0.00	0.00	275.00	195.00	1.00	405HWP 100	5.0	N
7010.20	7281.20	0.00	0.00	0.00	86.89	0.00	0.00	275.00	195.00	1.00	405HWP 90	5.0	N
5378.60	6134.80	0.00	0.00	0.00	61.27	0.00	0.00	230.00	150.00	1.00	405HWP 90	5.0	N
6035.20	6849.60	0.00	0.00	0.00	72.79	0.00	0.00	230.00	150.00	1.00	405HWP 80	5.0	N
6581.80	6735.80	0.00	0.00	0.00	91.36	0.00	0.00	275.00	195.00	1.00	405HWP 80	5.0	N
5275.20	6270.60	0.00	0.00	0.00	47.47	0.00	0.00	275.00	195.00	1.00	405HWP 62.5	5.0	N
7811.00	7243.80	0.00	0.00	0.00	115.43	0.00	0.00	230.00	150.00	1.00	405HWP 62.5	5.0	N
6871.40	6951.20	0.00	0.00	0.00	101.32	0.00	0.00	230.00	150.00	1.00	405HWP 70	5.0	N
5914.20	6527.60	0.00	0.00	0.00	73.01	0.00	0.00	275.00	195.00	1.00	405HWP 70	5.0	N
6997.60	7136.20	0.00	0.00	0.00	102.30	0.00	0.00	275.00	195.00	1.00	405HWP 90	5.0	N
5511.20	6217.40	0.00	0.00	0.00	56.26	0.00	0.00	230.00	150.00	1.00	405HWP 90	5.0	N
6745.80	7842.20	0.00	0.00	0.00	69.07	0.00	0.00	207.50	172.50	1.00	405HWP 90	5.0	N
6851.00	8208.00	0.00	0.00	0.00	69.24	0.00	0.00	207.50	172.50	1.00	405HWP 90  phase45	5.0	N
3870.40	5448.40	0.00	0.00	0.00	5.59	0.00	0.00	207.50	172.50	1.00	405HWP 90  phase80	5.0	N
3837.80	5577.00	0.00	0.00	0.00	8.39	0.00	0.00	207.50	172.50	1.00	405HWP 90  phase85	5.0	N
3628.60	5157.60	0.00	0.00	0.00	2.61	0.00	0.00	207.50	172.50	1.00	405HWP 90  phase75	5.0	N
3563.60	5118.20	0.00	0.00	0.00	1.62	0.00	0.00	207.50	172.50	1.00	405HWP 90  phase70	5.0	N
3614.40	5140.00	0.00	0.00	0.00	1.61	0.00	0.00	207.50	172.50	1.00	405HWP 90  phase65	5.0	N
