A	B	A'	B'	A'B	AB	AB'	A'B'	HWP A	HWP B	E	Comments:	Duration (s)	Sub. Acc.?
6227.00	6429.60	0.00	0.00	0.00	25.60	0.00	0.00	0.00	0.00	1.00		5.0	N
6106.20	6462.40	0.00	0.00	0.00	46.61	0.00	0.00	0.00	0.00	1.00		5.0	N
3506.20	4279.60	0.00	0.00	0.00	6.05	0.00	0.00	0.00	0.00	1.00		5.0	N
3348.60	3598.00	0.00	0.00	0.00	5.88	0.00	0.00	138.00	78.00	1.00		5.0	N
3315.80	4109.60	0.00	0.00	0.00	13.66	0.00	0.00	130.00	70.00	1.00		5.0	N
3127.20	4479.60	0.00	0.00	0.00	12.06	0.00	0.00	120.00	60.00	1.00		5.0	N
3169.80	3901.40	0.00	0.00	0.00	31.68	0.00	0.00	150.00	50.00	1.00		5.0	N
3382.40	4088.20	0.00	0.00	0.00	28.46	0.00	0.00	180.00	60.00	1.00		5.0	N
3364.60	3994.40	0.00	0.00	0.00	29.67	0.00	0.00	140.00	60.00	1.00		5.0	N
3315.00	3642.80	0.00	0.00	0.00	8.48	0.00	0.00	138.00	68.00	1.00		5.0	N
3306.00	3516.60	0.00	0.00	0.00	6.88	0.00	0.00	138.00	78.00	1.00	last one bogus	5.0	N
3254.80	3656.80	0.00	0.00	0.00	25.28	0.00	0.00	140.00	60.00	1.00	last one bogus	5.0	N
3430.60	4156.20	0.00	0.00	0.00	28.06	0.00	0.00	140.00	60.00	1.00		5.0	N
3347.60	4169.40	0.00	0.00	0.00	14.46	0.00	0.00	70.00	135.00	1.00		5.0	N
3285.60	3885.80	0.00	0.00	0.00	12.87	0.00	0.00	135.00	70.00	1.00		5.0	N
2864.20	3177.20	0.00	0.00	0.00	1.71	0.00	0.00	158.00	92.00	1.00		5.0	N
2697.40	3881.60	0.00	0.00	0.00	2.30	0.00	0.00	168.00	105.00	1.00		5.0	N
2882.80	3535.80	0.00	0.00	0.00	7.10	0.00	0.00	160.00	82.00	1.00		5.0	N
2294.00	3509.20	0.00	0.00	0.00	7.32	0.00	0.00	185.00	105.00	1.00		5.0	N
3316.00	3777.20	0.00	0.00	0.00	0.27	0.00	0.00	230.00	150.00	1.00		5.0	N
